 1 2.1e-06 2.1e-06 4.9e-06 2.02512e-06 4.1e-06 1.40278e-06 2.4e-06 2.16436e-06 
 2 2.9e-06 2.9e-06 1.12e-05 3.84477e-06 0.0001198 4.17554e-05 2.17e-05 8.13081e-06 
 3 3e-06 3e-06 1.91e-05 6.42659e-06 0.0001538 5.2673e-05 8.38e-05 2.83706e-05 
 4 3.8e-06 3.8e-06 2.86e-05 9.58216e-06 0.0002168 7.53819e-05 8.2e-05 2.78129e-05 
 5 3.8e-06 3.8e-06 4.07e-05 1.36243e-05 0.0003075 0.000106262 0.0002575 8.59901e-05 
 6 4.2e-06 4.2e-06 5.47e-05 1.82641e-05 0.000411 0.000142408 0.0002771 9.25919e-05 
 7 4.6e-06 4.6e-06 7.09e-05 2.36636e-05 0.0005079 0.000170005 0.0002843 9.50115e-05 
 8 5.2e-06 5.2e-06 9.33e-05 3.24123e-05 0.0006221 0.000209352 0.0002807 9.39034e-05 
 9 5.3e-06 5.3e-06 0.0001098 3.6654e-05 0.0007778 0.000263014 0.000768 0.000256379 
 10 6.1e-06 6.1e-06 0.0001337 4.45842e-05 0.000939 0.000316377 0.0007954 0.000265466 
 11 6.1e-06 6.1e-06 0.000157 5.23609e-05 0.0011538 0.000386919 0.0008714 0.000290613 
 12 6.2e-06 6.2e-06 0.0001828 6.09494e-05 0.0012843 0.000430752 0.0008711 0.000290708 
 13 6.9e-06 6.9e-06 0.0002133 7.13652e-05 0.0015544 0.000521912 0.0008812 0.000294214 
 14 7.4e-06 7.4e-06 0.0002414 8.04918e-05 0.0017724 0.000595162 0.0008979 0.000299683 
 15 7.7e-06 7.7e-06 0.000278 9.28212e-05 0.0021336 0.000714499 0.0009058 0.000302184 
 16 7.7e-06 7.7e-06 0.0003113 0.000103891 0.0023328 0.000782616 0.0009036 0.000301644 
 17 8.3e-06 8.3e-06 0.0003484 0.000116246 0.0027284 0.000912196 0.0022472 0.000749768 
 18 8.7e-06 8.7e-06 0.0003846 0.000128219 0.0029652 0.000990652 0.0022825 0.000761178 
 19 9.7e-06 9.7e-06 0.0004462 0.000148758 0.0035869 0.00120006 0.0024821 0.000827483 
 20 9.7e-06 9.7e-06 0.0004757 0.000158624 0.003815 0.00127413 0.0024161 0.000805849 
 21 9.8e-06 9.8e-06 0.0005177 0.000172598 0.0041854 0.00139945 0.0026049 0.000868665 
 22 1.01e-05 1.01e-05 0.0005642 0.000188091 0.0046624 0.00155622 0.0026196 0.000873384 
 23 1.06e-05 1.06e-05 0.0006207 0.000206931 0.0052628 0.00175835 0.0026552 0.000885208 
 24 1.07e-05 1.07e-05 0.0006623 0.000220784 0.0058011 0.00193878 0.0026437 0.000881432 
 25 1.13e-05 1.13e-05 0.0007163 0.000238864 0.0063342 0.00211861 0.0026797 0.000893755 
 26 1.14e-05 1.14e-05 0.0007718 0.000257313 0.0069946 0.00233782 0.0027095 0.000903391 
 27 1.17e-05 1.17e-05 0.0008297 0.000276659 0.0078173 0.00261423 0.0027768 0.000925809 
 28 1.34e-05 1.34e-05 0.0008911 0.000297114 0.0083477 0.00278791 0.0027932 0.00093136 
 29 1.27e-05 1.27e-05 0.0009498 0.000316633 0.0089591 0.00299661 0.0028053 0.000935412 
 30 1.28e-05 1.28e-05 0.0010139 0.000337979 0.0097636 0.00325731 0.0028038 0.000934757 
 31 1.3e-05 1.3e-05 0.0010818 0.000360623 0.0105416 0.00351626 0.0028126 0.00093764 
 32 1.34e-05 1.34e-05 0.0011497 0.000383305 0.0115086 0.00384008 0.0028195 0.000940009 
 33 1.39e-05 1.39e-05 0.0012224 0.00040752 0.0123748 0.00413162 0.0065394 0.00218005 
 34 1.46e-05 1.46e-05 0.0013101 0.000438821 0.0133051 0.00443975 0.0065943 0.00219843 
 35 1.5e-05 1.5e-05 0.001371 0.000457045 0.0144461 0.00482313 0.0067779 0.00225955 
 36 1.52e-05 1.52e-05 0.0014544 0.000484883 0.0153637 0.00512586 0.0068011 0.00226741 
 37 1.55e-05 1.55e-05 0.0015513 0.000520138 0.0166575 0.00555454 0.0071534 0.00238485 
 38 1.57e-05 1.57e-05 0.0016124 0.000537539 0.0176567 0.00590213 0.0071828 0.00239455 
 39 1.61e-05 1.61e-05 0.0016891 0.000563071 0.0189256 0.00631397 0.0072372 0.00241283 
 40 1.65e-05 1.65e-05 0.0017777 0.000592632 0.0200033 0.00667988 0.0072039 0.00240151 
 41 1.7e-05 1.7e-05 0.0018632 0.000621105 0.021279 0.00710082 0.007741 0.00258065 
 42 1.73e-05 1.73e-05 0.0019571 0.000652395 0.0226139 0.00755348 0.0077831 0.00259455 
 43 1.74e-05 1.74e-05 0.002049 0.000683085 0.0241746 0.00806527 0.0079407 0.00264705 
 44 1.8e-05 1.8e-05 0.0021639 0.000721399 0.0255751 0.00853518 0.0079401 0.00264749 
 45 1.82e-05 1.82e-05 0.0022384 0.000746182 0.0272077 0.00908077 0.0079888 0.00266321 
 46 1.87e-05 1.87e-05 0.0023365 0.000778869 0.0283609 0.00945921 0.0080342 0.0026783 
 47 1.99e-05 1.99e-05 0.0024696 0.000823243 0.0309094 0.0103207 0.0082165 0.0027402 
 48 1.92e-05 1.92e-05 0.002543 0.000847743 0.0321103 0.0107237 0.0080127 0.002671 
 49 1.99e-05 1.99e-05 0.0026504 0.000883579 0.0340185 0.0113447 0.0081037 0.00270146 
 50 1.97e-05 1.97e-05 0.002757 0.000919182 0.0358828 0.0119726 0.0081156 0.00270583 
 51 2.09e-05 2.09e-05 0.0028795 0.000960053 0.0376035 0.0125434 0.0082402 0.00274738 
 52 2.04e-05 2.04e-05 0.0029972 0.000999318 0.0397402 0.0132614 0.0082393 0.00274708 
 53 2.12e-05 2.12e-05 0.0030999 0.00103333 0.0412737 0.0137717 0.0084688 0.00282342 
 54 2.19e-05 2.19e-05 0.0032465 0.00108234 0.0437096 0.0145798 0.0085574 0.00285444 
 55 2.16e-05 2.16e-05 0.0033384 0.00111287 0.0459691 0.0153352 0.0084999 0.00283398 
 56 2.22e-05 2.22e-05 0.0034535 0.00115125 0.0480933 0.0160425 0.0085156 0.00284172 
 57 2.24e-05 2.24e-05 0.0036138 0.00120831 0.0506126 0.0168783 0.0085163 0.00283989 
 58 2.29e-05 2.29e-05 0.00372 0.00124089 0.0526369 0.0175542 0.0086122 0.00287242 
 59 2.38e-05 2.38e-05 0.0038433 0.00128119 0.0551185 0.018387 0.0086072 0.00286928 
 60 2.35e-05 2.35e-05 0.0039651 0.00132184 0.0571176 0.0190553 0.0085968 0.00286582 
 61 2.38e-05 2.38e-05 0.0040763 0.00135884 0.0601132 0.0200591 0.0086617 0.00288738 
 62 2.41e-05 2.41e-05 0.004217 0.00140573 0.062342 0.0207889 0.0086569 0.00288595 
 63 2.5e-05 2.5e-05 0.0043664 0.00145551 0.0655576 0.0218579 0.0086448 0.00288186 
 64 2.56e-05 2.56e-05 0.0044917 0.00149759 0.0678367 0.0226208 0.0086656 0.00288868 
 65 2.57e-05 2.57e-05 0.0046426 0.00154781 0.0714947 0.0238444 0.0193009 0.006434 
 66 2.62e-05 2.62e-05 0.0047771 0.00159268 0.0747187 0.0249116 0.019358 0.00645632 
 67 2.64e-05 2.64e-05 0.0049435 0.0016481 0.078087 0.0260358 0.0197453 0.00658582 
 68 2.68e-05 2.68e-05 0.0051487 0.00172038 0.0802723 0.0267763 0.0197436 0.00658711 
 69 2.75e-05 2.75e-05 0.0052846 0.00176191 0.0836051 0.0278813 0.0202298 0.0067482 
 70 2.74e-05 2.74e-05 0.0054397 0.00181364 0.0873704 0.0291486 0.0201511 0.00671765 
 71 2.77e-05 2.77e-05 0.0056041 0.00186837 0.0908769 0.0303127 0.0201819 0.00672766 
 72 2.75e-05 2.75e-05 0.0058016 0.00193452 0.0946633 0.0315652 0.0203112 0.00677131 
 73 2.87e-05 2.87e-05 0.0059815 0.00199433 0.0977368 0.0325942 0.02148 0.00716569 
 74 2.88e-05 2.88e-05 0.0062036 0.00206936 0.102379 0.0341815 0.0215045 0.00717445 
 75 2.94e-05 2.94e-05 0.0063703 0.00212391 0.10506 0.0350388 0.0215173 0.00717281 
 76 2.94e-05 2.94e-05 0.0065014 0.00216786 0.10936 0.0364734 0.0216531 0.00722375 
 77 2.99e-05 2.99e-05 0.0066885 0.00223009 0.112831 0.0376232 0.021485 0.00716203 
 78 3.01e-05 3.01e-05 0.0068833 0.00229473 0.1171 0.0390557 0.0215201 0.00717402 
 79 3.05e-05 3.05e-05 0.0070583 0.00235308 0.120417 0.0401506 0.0215662 0.00718909 
 80 3.23e-05 3.23e-05 0.007389 0.00246488 0.127677 0.0425865 0.0219274 0.00731221 
 81 3.12e-05 3.12e-05 0.007474 0.00249183 0.129857 0.0433076 0.023208 0.00773883 
 82 3.14e-05 3.14e-05 0.0076605 0.00255421 0.133949 0.0446755 0.0232841 0.00776556 
 83 3.23e-05 3.23e-05 0.0079133 0.00263832 0.138459 0.0461643 0.023493 0.00783627 
 84 3.25e-05 3.25e-05 0.0080704 0.00269063 0.143768 0.0479346 0.0232864 0.00776257 
 85 3.32e-05 3.32e-05 0.0082807 0.00276146 0.148476 0.0495084 0.0238356 0.00794571 
 86 3.28e-05 3.28e-05 0.0084407 0.00281492 0.153477 0.0511986 0.0237482 0.00791651 
 87 3.33e-05 3.33e-05 0.0087249 0.0029093 0.158415 0.0528273 0.0238636 0.00795464 
 88 3.35e-05 3.35e-05 0.0089017 0.00296782 0.163117 0.0544028 0.0237471 0.00791601 
 89 3.44e-05 3.44e-05 0.009108 0.00303656 0.16865 0.0562352 0.0238649 0.00795536 
 90 3.41e-05 3.41e-05 0.0093435 0.00311568 0.174058 0.0580392 0.0240581 0.00802233 
 91 3.48e-05 3.48e-05 0.0095639 0.00318849 0.179101 0.0597277 0.0240914 0.00803098 
 92 3.5e-05 3.5e-05 0.0097518 0.00325171 0.187153 0.0624012 0.0241189 0.00804013 
 93 3.56e-05 3.56e-05 0.0100773 0.00335991 0.191095 0.0637085 0.0242926 0.00809781 
 94 3.66e-05 3.66e-05 0.0102648 0.00342198 0.196258 0.0654348 0.0242445 0.00808192 
 95 3.62e-05 3.62e-05 0.010453 0.00348489 0.202194 0.0674361 0.0241836 0.00806146 
 96 3.62e-05 3.62e-05 0.0106929 0.00356489 0.206228 0.0687584 0.0241111 0.00803765 
 97 3.71e-05 3.71e-05 0.0108912 0.00363116 0.213733 0.071261 0.024323 0.00810813 
 98 3.72e-05 3.72e-05 0.0111764 0.00372724 0.220186 0.0734197 0.0242546 0.00808509 
 99 3.84e-05 3.84e-05 0.0114295 0.00381081 0.226613 0.0755499 0.0245125 0.00817115 
 100 3.79e-05 3.79e-05 0.0117001 0.00390059 0.233197 0.0777653 0.02457 0.00819047
