 1 9.4e-06 4.93018e-06 2.17e-05 8.33327e-06 1.01e-05 8.41236e-06  
 50 2.04e-05 6.86828e-06 0.0028539 0.000955367 0.0081597 0.00272139  
 100 3.78e-05 1.26335e-05 0.0117791 0.00392712 0.0245375 0.00817953  
 151 6.77e-05 2.32364e-05 0.0298244 0.00994683 0.0633267 0.0211098  
 201 8.79e-05 2.9332e-05 0.0531809 0.0177347 0.0736843 0.0245619  
 251 0.0001104 3.6885e-05 0.0844348 0.0281627 0.0788837 0.0262949  
 301 0.0001357 4.5285e-05 0.127893 0.0426394 0.188505 0.0628364  
 351 0.0001587 5.32998e-05 0.179657 0.0599149 0.214283 0.0714396  
 401 0.0001847 6.16046e-05 0.24292 0.0810778 0.225226 0.0750832  
 451 0.0002124 7.11338e-05 0.316847 0.105707 0.236162 0.0787231
 500 0.000325 0.000269343 0.403985 0.13524 0.242242 0.0807611

