 1 5.6e-06 5.6e-06 1.2e-05 8.80656e-06 1e-05 5.94418e-06 6.8e-06 9.61388e-06 0.0011293 0.000649332 0.0013453 0.00071398  
 2 2.9e-06 2.9e-06 1.09e-05 4.23884e-06 0.0001062 4.0571e-05 2.32e-05 9.76297e-06 0.003742 0.00130548 0.0179321 0.0060154  
 3 3.2e-06 3.2e-06 1.88e-05 6.3861e-06 0.0001525 5.24772e-05 8.49e-05 2.85597e-05 0.0076256 0.00264061 0.0438162 0.0147683  
 4 3.1e-06 3.1e-06 2.85e-05 9.58442e-06 0.0002281 8.01821e-05 8.36e-05 2.82712e-05 0.0126519 0.00428289 0.0864349 0.02898  
 5 3.6e-06 3.6e-06 4.04e-05 1.35259e-05 0.0003154 0.000107115 0.0002567 8.58649e-05 0.0182858 0.00611971 0.146982 0.0493242  
 6 4.3e-06 4.3e-06 5.43e-05 1.81248e-05 0.0003842 0.0001308 0.0002761 9.22353e-05 0.024014 0.0080893 0.230687 0.077166  
 7 4.8e-06 4.8e-06 6.99e-05 2.33307e-05 0.0005262 0.000177435 0.0002835 9.45497e-05 0.0330965 0.0110767 0.370283 0.123641  
 8 5.2e-06 5.2e-06 8.8e-05 2.93598e-05 0.0006322 0.000213772 0.0002793 9.3367e-05 0.041058 0.0137375 0.52228 0.174636  
 9 5.3e-06 5.3e-06 0.0001079 3.59897e-05 0.0007758 0.00026516 0.0007636 0.000254948 0.0500101 0.0168627 0.715236 0.238794  
 10 5.6e-06 5.6e-06 0.0001298 4.32841e-05 0.0009197 0.000308928 0.0007875 0.00026257 0.062365 0.0209522 0.967225 0.323279
